32
59
132
149
194
77
160
104
141
84
144
37
1
98
62
14
68
163
87
158
41
99
102
82
52
44
138
32
82
24
44
31
169
109
146
53
180
102
27
19
38
129
127
146
23
3
121
95
177
2
48
83
74
169
14
16
70
156
64
86
157
142
31
72
146
92
42
61
133
82
152
43
14
1
63
58
17
101
27
6
64
194
54
131
130
95
73
161
113
7
138
64
83
162
49
124
191
102
44
124
95
159
86
20
95
170
68
61
55
144
24
47
92
122
142
118
132
182
154
42
55
94
14
187
64
115
102
40
1
101
24
70
12
80
15
81
129
108
100
1
167
81
90
176
155
2
153
15
82
113
147
162
173
2
62
64
198
145
172
182
9
129
123
125
191
58
92
191
32
165
98
75
1
53
4
63
29
6
195
11
76
9
44
10
35
125
123
15
43
1
76
5
176
123
113
197
149
113
24
1
18
131
58
170
75
172
144
121
22
116
191
8
90
166
85
76
29
44
182
191
20
167
157
78
41
161
103
96
132
